0.0071
0.0071
0.0071
0.0355
0.0355
0.0496
0.0567
0.0638
0.0709
0.0851
0.0851
0.0922
0.1064
0.1135
0.1206
0.1489
0.1560
0.1773
0.1773
0.1773
0.1844
0.1844
0.1915
0.1986
0.1986
0.1986
0.1986
0.1986
0.2057
0.2199
0.2482
0.2482
0.2624
0.2695
0.2837
0.2908
0.2979
0.3050
0.3121
0.3262
0.3475
0.3475
0.3546
0.3759
0.3901
0.4184
0.4326
0.4397
0.4539
0.4752
0.4752
0.4752
0.4965
0.5177
0.5248
0.5461
0.5603
0.5745
0.5745
0.5957
0.6028
0.6028
0.6170
0.6383
0.6596
0.6667
0.6738
0.6738
0.6879
0.7021
0.7021
0.7092
0.7234
0.7234
0.7234
0.7305
0.7376
0.7518
0.7518
0.7660
0.7660
0.7801
0.7801
0.7943
0.7943
0.8014
0.8227
0.8227
0.8298
0.8298
0.8511
0.8794
0.8794
0.8936
0.9007
0.9291
0.9433
0.9504
0.9504
0.9716
0.9787
0.9858
0.9929
0.9929
1.0000
1.0000
1.0000
1.0000
1.0000
1.0000
1.0000
1.0000
1.0000
1.0000
1.0000
1.0000
1.0000
1.0000
1.0000
1.0000
1.0000
1.0000
1.0000
1.0000
1.0000
1.0000
1.0000
1.0000
1.0000
1.0000
1.0000
1.0000
1.0000
1.0000
1.0000
1.0000
1.0000
1.0000
1.0000
1.0000
1.0000
1.0000
1.0000
1.0000
1.0000
1.0000
1.0000
1.0000
1.0000
1.0000
1.0000
1.0000
1.0000
1.0000
1.0000
1.0000
1.0000
1.0000
1.0000
1.0000
1.0000
1.0000
1.0000
1.0000
1.0000
1.0000
1.0000
1.0000
1.0000
1.0000
1.0000
1.0000
1.0000
1.0000
1.0000
1.0000
1.0000
1.0000
1.0000
1.0000
1.0000
1.0000
1.0000
1.0000
1.0000
1.0000
1.0000
1.0000
1.0000
1.0000
1.0000
1.0000
1.0000
1.0000
1.0000
1.0000
1.0000
1.0000
1.0000
1.0000
1.0000
1.0000
1.0000
1.0000
1.0000
1.0000
1.0000
1.0000
1.0000
1.0000
1.0000
1.0000
1.0000
1.0000
1.0000
1.0000
1.0000
1.0000
1.0000
1.0000
1.0000
1.0000
1.0000
1.0000
1.0000
1.0000
1.0000
1.0000
1.0000
1.0000
1.0000
1.0000
1.0000
1.0000
1.0000
1.0000
1.0000
1.0000
1.0000
1.0000
1.0000
1.0000
1.0000
1.0000
1.0000
1.0000
1.0000
1.0000
1.0000
1.0000
