0.0345
0.0345
0.0345
0.0575
0.0805
0.1034
0.1034
0.1149
0.1149
0.1149
0.1264
0.1379
0.1494
0.1609
0.1724
0.1839
0.1839
0.1954
0.2069
0.2414
0.2414
0.2414
0.2529
0.2529
0.2529
0.2529
0.2529
0.2644
0.2759
0.2874
0.2874
0.2874
0.2874
0.2989
0.2989
0.2989
0.2989
0.3103
0.3103
0.3103
0.3103
0.3103
0.3448
0.3448
0.3448
0.3678
0.3793
0.3793
0.3908
0.4138
0.4253
0.4368
0.4483
0.4598
0.4713
0.4713
0.4713
0.4713
0.4713
0.4828
0.4943
0.5057
0.5172
0.5172
0.5402
0.5402
0.5402
0.5402
0.5402
0.5402
0.5517
0.5632
0.5632
0.5632
0.5862
0.5862
0.5862
0.5862
0.5977
0.5977
0.6207
0.6207
0.6322
0.6322
0.6437
0.6667
0.6782
0.7011
0.7011
0.7011
0.7011
0.7011
0.7126
0.7241
0.7356
0.7471
0.7471
0.7471
0.7471
0.7586
0.7701
0.7816
0.7931
0.8046
0.8046
0.8276
0.8276
0.8276
0.8276
0.8391
0.8391
0.8391
0.8391
0.8391
0.8506
0.8621
0.8736
0.8736
0.8851
0.8851
0.8851
0.8966
0.8966
0.8966
0.9080
0.9195
0.9195
0.9195
0.9310
0.9310
0.9540
0.9540
0.9655
0.9655
0.9655
0.9655
0.9655
0.9885
0.9885
0.9885
1.0000
1.0000
1.0000
1.0000
1.0000
1.0000
1.0000
1.0000
1.0000
1.0000
1.0000
1.0000
1.0000
1.0000
1.0000
1.0000
1.0000
1.0000
1.0000
1.0000
1.0000
1.0000
1.0000
1.0000
1.0000
1.0000
1.0000
1.0000
1.0000
1.0000
1.0000
1.0000
1.0000
1.0000
1.0000
1.0000
1.0000
1.0000
1.0000
1.0000
1.0000
1.0000
1.0000
1.0000
1.0000
1.0000
1.0000
1.0000
1.0000
1.0000
1.0000
1.0000
1.0000
1.0000
1.0000
1.0000
1.0000
1.0000
1.0000
1.0000
1.0000
1.0000
1.0000
1.0000
1.0000
1.0000
1.0000
1.0000
1.0000
1.0000
1.0000
1.0000
1.0000
1.0000
1.0000
1.0000
1.0000
1.0000
1.0000
1.0000
1.0000
1.0000
1.0000
1.0000
1.0000
1.0000
1.0000
1.0000
1.0000
1.0000
1.0000
1.0000
1.0000
1.0000
1.0000
1.0000
1.0000
1.0000
1.0000
1.0000
1.0000
1.0000
1.0000
1.0000
1.0000
1.0000
1.0000
1.0000
1.0000
1.0000
